h = [
-1.1709058953880903e-01
-1.1610136365438468e-01
-1.1305525116184144e-01
-1.0843647552969263e-01
-1.0224987255707778e-01
-9.4503138969939435e-02
-8.5171864621361226e-02
-7.4231709328836479e-02
-6.1617497494933129e-02
-4.7291527406362430e-02
-3.1138510380958138e-02
-1.3026088351144650e-02
7.1678374764493555e-03
2.9802515141826129e-02
5.4954243720242490e-02
8.3183006592257511e-02
1.0045757598586473e-01
9.5920643844139911e-02
9.4314120021331785e-02
9.4857531197425599e-02
9.7060721954790777e-02
1.0041585915282773e-01
1.0455275263956371e-01
1.0910551356432732e-01
1.1382813658251455e-01
1.1842411889422506e-01
1.2271586430151447e-01
1.2654927680252193e-01
1.2975442995219058e-01
1.3227148124361365e-01
1.3397223618610132e-01
1.3484827508138850e-01
-1.1312251042932291e-01
-1.1176045085106624e-01
-1.0873361779820105e-01
-1.0428280817343509e-01
-9.8313138265790787e-02
-9.0867632075857907e-02
-8.1885061997541850e-02
-7.1379388917690828e-02
-5.9237784959186850e-02
-4.5482151014122819e-02
-2.9945653950877810e-02
-1.2507162592688784e-02
6.8854571298781605e-03
2.8654212950867678e-02
5.3012908018750755e-02
8.0033952576947190e-02
9.6574700937673660e-02
9.2256564596213300e-02
9.0688110394285579e-02
9.1200725806049862e-02
9.3330575833178012e-02
9.6551041908910298e-02
1.0053930069172956e-01
1.0491442390007058e-01
1.0945578362884856e-01
1.1386595338903328e-01
1.1800484129572893e-01
1.2168553621001371e-01
1.2477087330434521e-01
1.2718737557237345e-01
1.2882718506155047e-01
1.2966546584848834e-01
-1.0428908698442298e-01
-1.0295364097845697e-01
-1.0022180399607973e-01
-9.6092439047303982e-02
-9.0617545065272961e-02
-8.3740671251446810e-02
-7.5473681230792664e-02
-6.5774566087564809e-02
-5.4603862925761554e-02
-4.1931822985893326e-02
-2.7619326836608601e-02
-1.1521589205352623e-02
6.3100589506075427e-03
2.6428544077701333e-02
4.8812819291897951e-02
7.3790997901594518e-02
8.9029165494899004e-02
8.5012742108324851e-02
8.3580321616760891e-02
8.4044286961578299e-02
8.6008973858538826e-02
8.8985329143826633e-02
9.2651537274548265e-02
9.6694512491473789e-02
1.0085789474517617e-01
1.0494302423207973e-01
1.0874758553194051e-01
1.1214930516278926e-01
1.1498672663338072e-01
1.1721907544717980e-01
1.1872161044876396e-01
1.1949924770681414e-01
-9.1441033887052867e-02
-9.0248874142180510e-02
-8.7841538124155585e-02
-8.4251125873059371e-02
-7.9422097684125628e-02
-7.3415105293553232e-02
-6.6145008179283413e-02
-5.7665844334911134e-02
-4.7848207416137926e-02
-3.6754182183952940e-02
-2.4194943806727234e-02
-1.0094002188138138e-02
5.5696372527021271e-03
2.3203100665592453e-02
4.2819825607282307e-02
6.4751333421033272e-02
7.8033871861048570e-02
7.4516972415358054e-02
7.3268253351754006e-02
7.3671505152913735e-02
7.5392868392206283e-02
7.7995079646253657e-02
8.1220239854423074e-02
8.4746325775834630e-02
8.8422255784487938e-02
9.1978793864331262e-02
9.5323551124056910e-02
9.8287012483883038e-02
1.0079300945503179e-01
1.0274339113628089e-01
1.0406594313569600e-01
1.0474819277004889e-01
-7.5040810831513163e-02
-7.4061382703044909e-02
-7.2094540290995671e-02
-6.9124044144920363e-02
-6.5197226959680249e-02
-6.0226612593793243e-02
-5.4295812039951943e-02
-4.7315295112751697e-02
-3.9275734053046935e-02
-3.0151681882172456e-02
-1.9866417109326816e-02
-8.2785256127509855e-03
4.5549108751106486e-03
1.9036699803360081e-02
3.5126922860249293e-02
5.3098333383292409e-02
6.4043970294089522e-02
6.1153632819583401e-02
6.0126696347563603e-02
6.0458472146470932e-02
6.1868904564382994e-02
6.4014235753471510e-02
6.6648980784662651e-02
6.9559884484361220e-02
7.2556093868717308e-02
7.5501791067976040e-02
7.8225506446864837e-02
8.0686782148977010e-02
8.2714375030420409e-02
8.4324095689127049e-02
8.5415042225740131e-02
8.5961821736174962e-02
-5.5769520953192660e-02
-5.5039846324892172e-02
-5.3573177359691797e-02
-5.1386463812993360e-02
-4.8432567098614113e-02
-4.4775432554905875e-02
-4.0333226439447492e-02
-3.5166254265944795e-02
-2.9175411631948610e-02
-2.2416010934644671e-02
-1.4746996519987654e-02
-6.1344672706883782e-03
3.4073159123268032e-03
1.4185195964623415e-02
2.6143837400862794e-02
3.9500281305612686e-02
4.7598372679382307e-02
4.5444170642646241e-02
4.4680661337488131e-02
4.4930247278759682e-02
4.5983496472688935e-02
4.7557805587733266e-02
4.9539267696360169e-02
5.1682708753853328e-02
5.3909105022288212e-02
5.6082675149340643e-02
5.8137916583224369e-02
5.9932086178585559e-02
6.1463059328887987e-02
6.2660363169712241e-02
6.3441686745699818e-02
6.3880184740204127e-02
-3.4351314917166351e-02
-3.3901419456455043e-02
-3.3000436133207640e-02
-3.1638640752918910e-02
-2.9840242444225167e-02
-2.7559852542240651e-02
-2.4855684794621347e-02
-2.1647962420184467e-02
-1.7978306791267495e-02
-1.3801145974648881e-02
-9.0926441580555534e-03
-3.7793078960081964e-03
2.0833570317192224e-03
8.7256911294545034e-03
1.6088576553746060e-02
2.4290471923735572e-02
2.9310110578122630e-02
2.7981096031934612e-02
2.7514596954546812e-02
2.7666208782593238e-02
2.8310114136368671e-02
2.9295279574884824e-02
3.0494926153561631e-02
3.1829036902467765e-02
3.3199017579927666e-02
3.4562943905033901e-02
3.5790128359165625e-02
3.6929342478946428e-02
3.7857916099981022e-02
3.8589000663073095e-02
3.9094145452187937e-02
3.9343210302051276e-02
-1.1608419771656834e-02
-1.1467543467943734e-02
-1.1157654421455788e-02
-1.0695243045772063e-02
-1.0084866010813109e-02
-9.3172265329507786e-03
-8.3886197960416700e-03
-7.3198022873910799e-03
-6.0663481650820089e-03
-4.6680082190857092e-03
-3.0674557398817177e-03
-1.2600918543179433e-03
7.1563998357836417e-04
2.9876876968972271e-03
5.4697380815326184e-03
8.2279363119551474e-03
9.9058288530080463e-03
9.4475302407194973e-03
9.2959452423287195e-03
9.3469009826451163e-03
9.5718190711741400e-03
9.8834732649203914e-03
1.0301707959315530e-02
1.0748507498467140e-02
1.1203191064078561e-02
1.1656989298755461e-02
1.2082955226176322e-02
1.2470007258585717e-02
1.2768204590890871e-02
1.3031514623561179e-02
1.3186612593145563e-02
1.3284052146136214e-02
1.1569264350065849e-02
1.1425329773736960e-02
1.1115475080908297e-02
1.0662152111601798e-02
1.0051505365194169e-02
9.2981357216139673e-03
8.3714555899623531e-03
7.3091200199809905e-03
6.0552252352534600e-03
4.6473410315988131e-03
3.0542523191083013e-03
1.2813939306496535e-03
-7.2178382334569017e-04
-2.9212447536983892e-03
-5.4200840531684683e-03
-8.2234298211339325e-03
-9.8881574605589485e-03
-9.4492173287715111e-03
-9.2925607703698097e-03
-9.3376281734882365e-03
-9.5560646986390420e-03
-9.8937171416502954e-03
-1.0293566552752606e-02
-1.0740666921024843e-02
-1.1223900420998674e-02
-1.1654490278202173e-02
-1.2075511599520635e-02
-1.2455978615184856e-02
-1.2772920629637080e-02
-1.3008251664484775e-02
-1.3189732921643934e-02
-1.3268697920638993e-02
3.4311444738516897e-02
3.3851687669276903e-02
3.2965514744721487e-02
3.1611298773074878e-02
2.9808685422659405e-02
2.7557416089178551e-02
2.4824821889500286e-02
2.1633703589024365e-02
1.7962197897233381e-02
1.3783760548991194e-02
9.0731576953406116e-03
3.7995752907794712e-03
-2.0943981884428624e-03
-8.6763449080258011e-03
-1.6040468139750328e-02
-2.4290134635857635e-02
-2.9295292164517771e-02
-2.7987777751310280e-02
-2.7503698808657412e-02
-2.7664060413606955e-02
-2.8304232486901164e-02
-2.9286183090728009e-02
-3.0504114264011714e-02
-3.1828827709153365e-02
-3.3209433615856911e-02
-3.4533337553019822e-02
-3.5817556328401161e-02
-3.6902004702335678e-02
-3.7852487575649359e-02
-3.8583970817942424e-02
-3.9072695707064967e-02
-3.9332362162708634e-02
5.5729562650560845e-02
5.4999064110453424e-02
5.3528975582572559e-02
5.1339109278923351e-02
4.8409985211815408e-02
4.4741977933469346e-02
4.0317877622400911e-02
3.5144724885392671e-02
2.9157429412149629e-02
2.2389040096721713e-02
1.4726740587556363e-02
6.1559460172700810e-03
-3.4265943325733840e-03
-1.4125426076489382e-02
-2.6102332097119832e-02
-3.9479646552040143e-02
-4.7583219996887111e-02
-4.5445738655024479e-02
-4.4681509072803820e-02
-4.4921378285526621e-02
-4.5965689653920755e-02
