h = [
-1.1413916621664616e-01
-1.0839410191044589e-01
-9.6422627428738819e-02
-7.8304678482092660e-02
-5.3839793783939348e-02
-2.2370837871699578e-02
1.7113960474413419e-02
6.6688455095136212e-02
9.6010478527194618e-02
9.1888296023328708e-02
9.5696871609811968e-02
1.0351340665414388e-01
1.1255713289402983e-01
1.2085651593193192e-01
1.2710323063695594e-01
1.3044497795892676e-01
-9.6970218858396393e-02
-9.1960480588827984e-02
-8.1755124746278163e-02
-6.6390406460018009e-02
-4.5628598175720320e-02
-1.8972091117983814e-02
1.4597051572387694e-02
5.6558903887828978e-02
8.1405800467376707e-02
7.7897697346968400e-02
8.1134239703173142e-02
8.7738949204288735e-02
9.5426685914468026e-02
1.0246433074104823e-01
1.0776319090293489e-01
1.1056444916920756e-01
-6.4818485161788036e-02
-6.1450633132660124e-02
-5.4666054816485184e-02
-4.4336979706885077e-02
-3.0523567906790689e-02
-1.2664900299989075e-02
9.7195482487274394e-03
3.7816377290542033e-02
5.4373786535949785e-02
5.2056611829113850e-02
5.4195121111810705e-02
5.8633332259320228e-02
6.3755323290538263e-02
6.8465789213832381e-02
7.1997133972977023e-02
7.3896474092116998e-02
-2.2779270556951049e-02
-2.1593389202328214e-02
-1.9197030519710456e-02
-1.5607538310325561e-02
-1.0701754463509692e-02
-4.4542971700225432e-03
3.4470682714574643e-03
1.3267305073038029e-02
1.9116680207102225e-02
1.8264226156563982e-02
1.9049992789677190e-02
2.0575763470105025e-02
2.2383441389410282e-02
2.4042112864173560e-02
2.5297657506793352e-02
2.5939210524895243e-02
2.2714805377229367e-02
2.1544360294221944e-02
1.9149479993854239e-02
1.5583358279051081e-02
1.0669527215596771e-02
4.4616123135577295e-03
-3.4342915649229243e-03
-1.3262054894788964e-02
-1.9118348494183392e-02
-1.8260430537008310e-02
-1.9047741318109379e-02
-2.0584415939864376e-02
-2.2398160272827296e-02
-2.4037348882488742e-02
-2.5278225615719671e-02
-2.5946426744622338e-02
6.4786415114392454e-02
6.1365162995625402e-02
5.4605182712485559e-02
4.4336655689122186e-02
3.0503009551598591e-02
1.2649067686406060e-02
-9.7053576091839511e-03
-3.7837639562962808e-02
-5.4368428559629971e-02
-5.2066685152914585e-02
-5.4202936526427152e-02
-5.8637902519776554e-02
-6.3747788893014357e-02
-6.8469466021905095e-02
-7.2004250715790627e-02
-7.3880574142023883e-02
9.6956908163512712e-02
9.1901498079490815e-02
8.1722886503479156e-02
6.6383982716179832e-02
4.5601643127338484e-02
1.8980801406265575e-02
-1.4591386784344558e-02
-5.6552719281164697e-02
-8.1411144189704521e-02
-7.7897028670903937e-02
-8.1134483275510705e-02
-8.7738289246405393e-02
-9.5426866050111178e-02
-1.0246152636122159e-01
-1.0774471716917744e-01
-1.1058543225436582e-01
1.1438526224474181e-01
1.0840221376229008e-01
9.6413731736749525e-02
7.8284950369968895e-02
5.3826567118669288e-02
2.2348142607003508e-02
-1.7147407794045565e-02
-6.6801070857489139e-02
-9.6018089818925456e-02
-9.1896771968258364e-02
-9.5697782731804334e-02
-1.0350586571642653e-01
-1.1255073515518446e-01
-1.2086230232757723e-01
-1.2711337364179170e-01
-1.3043313653643471e-01
1.1439314602626739e-01
1.0840872528903354e-01
9.6418762312911202e-02
7.8302509080507135e-02
5.3815186791911648e-02
2.2365373925594925e-02
-1.7200559078111518e-02
-6.6816878026769708e-02
-9.6013536989282125e-02
-9.1893733814135611e-02
-9.5701194837433348e-02
-1.0350321307492429e-01
-1.1254859000961752e-01
-1.2087245093583990e-01
-1.2710523737751797e-01
-1.3042877274491918e-01
9.6975439585669676e-02
9.1923436688529508e-02
8.1742641520664516e-02
6.6366795601719125e-02
4.5619263751643289e-02
1.8952477286072113e-02
-1.4605504261184399e-02
-5.6566400685312095e-02
-8.1411358829675429e-02
-7.7895583072294369e-02
-8.1134074952742857e-02
-8.7742903095468075e-02
-9.5426374779729359e-02
-1.0245482139804699e-01
-1.0776359675478582e-01
-1.1058142828801068e-01
6.4814775127797486e-02
6.1418995436293894e-02
5.4614074254416257e-02
4.4355999774143527e-02
3.0502293041448379e-02
1.2655261849531816e-02
-9.7374036629742505e-03
-3.7816682041291273e-02
-5.4378539108816314e-02
-5.2063998918426523e-02
-5.4204835187019684e-02
-5.8621193594357544e-02
-6.3745079931520607e-02
-6.8483488522829206e-02
-7.2003813124090363e-02
-7.3880741823978524e-02
2.2765060746121814e-02
2.1590479175077601e-02
1.9186167489226157e-02
1.5568778928020039e-02
1.0699202903888431e-02
4.4447882432693247e-03
-3.4474416159127334e-03
-1.3263630987715172e-02
-1.9111846612088198e-02
-1.8266656316010228e-02
-1.9042869014528889e-02
-2.0583066510238321e-02
-2.2392525341415767e-02
-2.4036178032611395e-02
-2.5289745871594833e-02
-2.5950902334284560e-02
-2.2745544696664663e-02
-2.1549833029767894e-02
-1.9152239052446104e-02
-1.5570199741603199e-02
-1.0695400983297925e-02
-4.4559971680647650e-03
3.4241569858913020e-03
1.3274644039803298e-02
1.9114969625306358e-02
1.8270210302224497e-02
1.9046972403639950e-02
2.0580839642632798e-02
2.2393275640219597e-02
2.4043188084539303e-02
2.5280635011656699e-02
2.5945393111141021e-02
-6.4757305518696615e-02
-6.1400227811336458e-02
-5.4619519994601531e-02
-4.4346774971640308e-02
-3.0484152698125256e-02
-1.2669364993663732e-02
9.7276908451256975e-03
3.7811878958168205e-02
5.4377752423001781e-02
5.2066669633046070e-02
5.4193343795630948e-02
5.8641414232089843e-02
6.3761504846415296e-02
6.8460709073329407e-02
7.1997855530967228e-02
7.3883648966162840e-02
-9.6946114737785763e-02
-9.1923049493468981e-02
-8.1738364127350666e-02
-6.6373579202887556e-02
-4.5613487671790603e-02
-1.8961455891662923e-02
1.4564198322672318e-02
5.6593924736409527e-02
8.1406977923187490e-02
7.7895706661818831e-02
8.1145637043268368e-02
8.7736041670764348e-02
9.5413181744971973e-02
1.0246757653969120e-01
1.0776140139476414e-01
1.1057456810856704e-01
-1.1411126439643308e-01
-1.0837960132636304e-01
-9.6400355602791712e-02
-7.8272499936444848e-02
-5.3795781735079262e-02
-2.2353005130586707e-02
1.7215696309997568e-02
6.6762606289050674e-02
9.6019990663637450e-02
9.1897726041408112e-02
9.5697453912859207e-02
1.0350264288268464e-01
1.1255761559631959e-01
1.2086206272282284e-01
1.2710333831262605e-01
1.3043306142650024e-01
];
